a <- 42
b <- 24
a + b
a * b
