source <- c(
  1, 2, 3, 4,
  5, 6, 7, 8,
  9, 10, 11, 1
)
M <- matrix(source, nrow = 3, ncol = 4)
M
M[2,3]
